Max error: 0.4685545228472847
Parameters: (140, 8.050591441143574, 1.4999999999999998, 150, 56, 0.5240174672489083)

Max error: 0.48743729120361934
Parameters: (140, 8.13191054660967, 1.4999999999999998, 150, 56, 0.5240174672489083)

Max error: 0.49701395561865525
Parameters: (140, 7.073742411598552, 1.2999999999999998, 150, 56, 0.5240174672489083)

Max error: 0.4563469000660234
Parameters: (140, 7.567635442373905, 1.4, 150, 56, 0.5240174672489083)

Max error: 0.45830809082340807
Parameters: (140, 10.183523479178477, 1.8999999999999997, 150, 56, 0.5240174672489083)

Max error: 0.49280915891137056
Parameters: (140, 8.522535191701612, 1.5999999999999996, 150, 56, 0.5240174672489083)

Max error: 0.42554443225176897
Parameters: (140, 8.609499836514894, 1.5999999999999996, 150, 56, 0.5240174672489083)

Max error: 0.44773822526616414
Parameters: (140, 9.07602203375203, 1.6999999999999997, 150, 56, 0.5240174672489083)

Max error: 0.45983273707933847
Parameters: (140, 9.168634503484194, 1.6999999999999997, 150, 56, 0.5240174672489083)

Max error: 0.4532695451596567
Parameters: (140, 9.629694768631488, 1.7999999999999998, 150, 56, 0.5240174672489083)

Max error: 0.48995406880996484
Parameters: (140, 9.727956960148136, 1.7999999999999998, 150, 56, 0.5240174672489083)

Max error: 0.4883843319964285
Parameters: (150, 7.896486205723724, 1.4999999999999998, 150, 56, 0.5240174672489083)

Max error: 0.38570180216868266
Parameters: (150, 7.9778932800095355, 1.4999999999999998, 150, 56, 0.5240174672489083)

Max error: 0.34955568502709866
Parameters: (150, 8.059300354295347, 1.4999999999999998, 150, 56, 0.5240174672489083)

Max error: 0.3731541766847499
Parameters: (150, 8.140707428581159, 1.4999999999999998, 150, 56, 0.5240174672489083)

Max error: 0.3962223356442678
Parameters: (150, 8.22211450286697, 1.4999999999999998, 150, 56, 0.5240174672489083)

Max error: 0.49129256762741136
Parameters: (150, 8.303521577152782, 1.4999999999999998, 150, 56, 0.5240174672489083)

Max error: 0.45077906895198794
Parameters: (150, 6.942342205697565, 1.2999999999999998, 150, 56, 0.5240174672489083)

Max error: 0.3495806254949798
Parameters: (150, 7.0124668744419845, 1.2999999999999998, 150, 56, 0.5240174672489083)

Max error: 0.3382287788260214
Parameters: (150, 7.082591543186404, 1.2999999999999998, 150, 56, 0.5240174672489083)

Max error: 0.4140728057650733
Parameters: (150, 7.152716211930824, 1.2999999999999998, 150, 56, 0.5240174672489083)

Max error: 0.4958912127852102
Parameters: (150, 7.2228408806752435, 1.2999999999999998, 150, 56, 0.5240174672489083)

Max error: 0.4544969783920578
Parameters: (150, 6.448947269020583, 1.1999999999999997, 150, 56, 0.5240174672489083)

Max error: 0.35636807501958856
Parameters: (150, 6.513436741710789, 1.1999999999999997, 150, 56, 0.5240174672489083)

Max error: 0.4240838224902319
Parameters: (150, 6.577926214400995, 1.1999999999999997, 150, 56, 0.5240174672489083)

Max error: 0.4631107529405085
Parameters: (150, 7.424887916481661, 1.4, 150, 56, 0.5240174672489083)

Max error: 0.36129120647780155
Parameters: (150, 7.500652078894739, 1.4, 150, 56, 0.5240174672489083)

Max error: 0.3460412189201634
Parameters: (150, 7.576416241307817, 1.4, 150, 56, 0.5240174672489083)

Max error: 0.36965235946075836
Parameters: (150, 7.652180403720895, 1.4, 150, 56, 0.5240174672489083)

Max error: 0.4318938753569199
Parameters: (150, 7.727944566133973, 1.4, 150, 56, 0.5240174672489083)

Max error: 0.41795842901821345
Parameters: (150, 10.08818571315753, 1.8999999999999997, 150, 56, 0.5240174672489083)

Max error: 0.4049554069158603
Parameters: (150, 10.192187627726165, 1.8999999999999997, 150, 56, 0.5240174672489083)

Max error: 0.4275097059251607
Parameters: (150, 10.2961895422948, 1.8999999999999997, 150, 56, 0.5240174672489083)

Max error: 0.4612684076972968
Parameters: (150, 10.400191456863434, 1.8999999999999997, 150, 56, 0.5240174672489083)

Max error: 0.4206160749469632
Parameters: (150, 8.444116714135976, 1.5999999999999996, 150, 56, 0.5240174672489083)

Max error: 0.3495927909971215
Parameters: (150, 8.531169463766245, 1.5999999999999996, 150, 56, 0.5240174672489083)

Max error: 0.37324952719433213
Parameters: (150, 8.618222213396514, 1.5999999999999996, 150, 56, 0.5240174672489083)

Max error: 0.39637330747513033
Parameters: (150, 8.705274963026781, 1.5999999999999996, 150, 56, 0.5240174672489083)

Max error: 0.441917959406787
Parameters: (150, 8.792327712657048, 1.5999999999999996, 150, 56, 0.5240174672489083)

Max error: 0.48741752516721704
Parameters: (150, 9.441649282156956, 1.7999999999999998, 150, 56, 0.5240174672489083)

Max error: 0.404551818242453
Parameters: (150, 9.539999795512758, 1.7999999999999998, 150, 56, 0.5240174672489083)

Max error: 0.38882537977946185
Parameters: (150, 9.63835030886856, 1.7999999999999998, 150, 56, 0.5240174672489083)

Max error: 0.4116979195920294
Parameters: (150, 9.736700822224362, 1.7999999999999998, 150, 56, 0.5240174672489083)

Max error: 0.43406255007187156
Parameters: (150, 9.835051335580165, 1.7999999999999998, 150, 56, 0.5240174672489083)

Max error: 0.47326438700440576
Parameters: (150, 8.899266329235276, 1.6999999999999997, 150, 56, 0.5240174672489083)

Max error: 0.3908602263707337
Parameters: (150, 8.991967020164811, 1.6999999999999997, 150, 56, 0.5240174672489083)

Max error: 0.37052727820559994
Parameters: (150, 9.084667711094346, 1.6999999999999997, 150, 56, 0.5240174672489083)

Max error: 0.39376377695640485
Parameters: (150, 9.17736840202388, 1.6999999999999997, 150, 56, 0.5240174672489083)

Max error: 0.416480791443405
Parameters: (150, 9.270069092953415, 1.6999999999999997, 150, 56, 0.5240174672489083)

Max error: 0.48718175626853366
Parameters: (150, 9.36276978388295, 1.6999999999999997, 150, 56, 0.5240174672489083)

Max error: 0.47870181743599005
Parameters: (150, 5.944838166455194, 1.0999999999999999, 150, 56, 0.5240174672489083)

Max error: 0.435440019107844
Parameters: (150, 6.003697950281484, 1.0999999999999999, 150, 56, 0.5240174672489083)

Max error: 0.4670531791035728
Parameters: (160, 7.9980507473674525, 1.4999999999999998, 150, 56, 0.5240174672489083)

Max error: 0.3553275001800671
Parameters: (160, 8.079663510095692, 1.4999999999999998, 150, 56, 0.5240174672489083)

Max error: 0.3745857565989752
Parameters: (160, 8.161276272823931, 1.4999999999999998, 150, 56, 0.5240174672489083)

Max error: 0.46323284160942535
Parameters: (160, 8.242889035552171, 1.4999999999999998, 150, 56, 0.5240174672489083)

Max error: 0.45732454080365414
Parameters: (160, 6.962667425732657, 1.2999999999999998, 150, 56, 0.5240174672489083)

Max error: 0.4055537694376312
Parameters: (160, 7.032997399729957, 1.2999999999999998, 150, 56, 0.5240174672489083)

Max error: 0.49305648682235415
Parameters: (160, 7.103327373727256, 1.2999999999999998, 150, 56, 0.5240174672489083)

Max error: 0.4243494319296417
Parameters: (160, 6.469451030031108, 1.1999999999999997, 150, 56, 0.5240174672489083)

Max error: 0.40223790992183694
Parameters: (160, 7.520998302133317, 1.4, 150, 56, 0.5240174672489083)

Max error: 0.3891004441416328
Parameters: (160, 7.5969679819528455, 1.4, 150, 56, 0.5240174672489083)

Max error: 0.4772076251808812
Parameters: (160, 7.672937661772374, 1.4, 150, 56, 0.5240174672489083)

Max error: 0.4272005788297548
Parameters: (160, 10.21238776294833, 1.8999999999999997, 150, 56, 0.5240174672489083)

Max error: 0.42786214952752744
Parameters: (160, 10.316595801345763, 1.8999999999999997, 150, 56, 0.5240174672489083)

Max error: 0.4499625618279879
Parameters: (160, 10.420803839743195, 1.8999999999999997, 150, 56, 0.5240174672489083)

Max error: 0.47157925391769595
Parameters: (160, 10.525011878140628, 1.8999999999999997, 150, 56, 0.5240174672489083)

Max error: 0.40773553984908517
Parameters: (160, 9.104850255508119, 1.6999999999999997, 150, 56, 0.5240174672489083)

Max error: 0.3942043834490505
Parameters: (160, 9.197756890768405, 1.6999999999999997, 150, 56, 0.5240174672489083)

Max error: 0.4169709291899153
Parameters: (160, 9.290663526028691, 1.6999999999999997, 150, 56, 0.5240174672489083)

Max error: 0.43973352015385103
Parameters: (160, 9.383570161288977, 1.6999999999999997, 150, 56, 0.5240174672489083)

Max error: 0.4936569825092789
Parameters: (160, 9.559985823813737, 1.7999999999999998, 150, 56, 0.5240174672489083)

Max error: 0.41796595395064173
Parameters: (160, 9.658542378698414, 1.7999999999999998, 150, 56, 0.5240174672489083)

Max error: 0.4120904532620102
Parameters: (160, 9.75709893358309, 1.7999999999999998, 150, 56, 0.5240174672489083)

Max error: 0.4345016754527933
Parameters: (160, 9.855655488467768, 1.7999999999999998, 150, 56, 0.5240174672489083)

Max error: 0.4564194093681522
Parameters: (160, 9.954212043352445, 1.7999999999999998, 150, 56, 0.5240174672489083)

Max error: 0.426119346062265
Parameters: (160, 8.55134064403149, 1.5999999999999996, 150, 56, 0.5240174672489083)

Max error: 0.37374851957213195
Parameters: (160, 8.63859922203181, 1.5999999999999996, 150, 56, 0.5240174672489083)

Max error: 0.3969251506775322
Parameters: (160, 8.725857800032133, 1.5999999999999996, 150, 56, 0.5240174672489083)

Max error: 0.4508233659356904
Parameters: (160, 8.813116378032454, 1.5999999999999996, 150, 56, 0.5240174672489083)

Max error: 0.4896196180094705
Parameters: (160, 5.906447708766478, 1.0999999999999999, 150, 56, 0.5240174672489083)

Max error: 0.4407498387459867
Parameters: (170, 10.348047143775915, 1.8999999999999997, 150, 56, 0.5240174672489083)

Max error: 0.4793066757632971
Parameters: (170, 10.452572872500925, 1.8999999999999997, 150, 56, 0.5240174672489083)

Max error: 0.44446365366017915
Parameters: (170, 9.2291948138037, 1.6999999999999997, 150, 56, 0.5240174672489083)

Max error: 0.4908423885716502
Parameters: (170, 8.670027961067177, 1.5999999999999996, 150, 56, 0.5240174672489083)

Max error: 0.4368494798514604
Parameters: (170, 9.788544259136312, 1.7999999999999998, 150, 56, 0.5240174672489083)

Max error: 0.49684601535929573
Parameters: (170, 9.887418443572033, 1.7999999999999998, 150, 56, 0.5240174672489083)

